0.0999
0.0999009900990099
0.09990196078431374
0.09990291262135922
0.09990384615384616
0.09990476190476191
0.0999056603773585
0.09990654205607477
0.09990740740740742
0.09990825688073394
0.09990909090909092
0.09990990990990992
0.0999107142857143
0.09991150442477877
0.0999122807017544
0.09991304347826087
0.09991379310344828
0.09991452991452993
0.09991525423728814
0.09991596638655463
0.09991666666666667
0.09991735537190083
0.09991803278688526
0.09991869918699188
0.09991935483870969
0.09992000000000001
0.09992063492063492
0.09992125984251969
0.09992187500000001
0.09992248062015505
0.09992307692307693
0.0999236641221374
0.09992424242424243
0.0999248120300752
0.09992537313432837
0.09992592592592593
0.0999264705882353
0.09992700729927008
0.09992753623188406
0.09992805755395684
0.09992857142857144
0.0999290780141844
0.09992957746478874
0.09993006993006993
0.09993055555555556
0.09993103448275863
0.09993150684931507
0.09993197278911566
0.09993243243243244
0.09993288590604027
0.09993333333333333
0.09993377483443709
0.09993421052631579
0.09993464052287582
0.09993506493506493
0.09993548387096775
0.09993589743589744
0.09993630573248408
0.09993670886075949
0.099937106918239
0.0999375
0.09993788819875776
0.09993827160493828
0.09993865030674846
0.09993902439024391
0.09993939393939394
0.09993975903614458
0.09994011976047905
0.09994047619047619
0.09994082840236687
0.09994117647058824
0.09994152046783626
0.09994186046511629
0.09994219653179191
0.09994252873563218
0.09994285714285715
0.09994318181818182
0.09994350282485875
0.09994382022471911
0.09994413407821229
0.09994444444444445
0.09994475138121547
0.09994505494505494
0.09994535519125683
0.09994565217391305
0.09994594594594595
0.09994623655913978
0.09994652406417112
0.09994680851063831
0.09994708994708995
0.09994736842105263
0.09994764397905759
0.09994791666666666
0.0999481865284974
0.09994845360824743
0.09994871794871796
0.09994897959183674
0.09994923857868021
0.09994949494949495
0.09994974874371859
0.09995

